#modrej t y
0		0.4760913598
0.915564598		0.4605256248
1.831129196		0.4410684568
2.746693795		0.4151255658
3.692777213		0.4021541198
4.638860631		0.3839940958
5.554425229		0.3749140838
6.469989827		0.3632397828
7.355035605		0.3476740488
8.301119023		0.3359997478
9.186164802		0.3217311578
10.16276704		0.3126511458
11.047812818		0.3061654228
12.024415056		0.2918968328
12.939979654		0.2724396638
13.794506612		0.2815196758
14.77110885		0.2659539418
15.656154629		0.2503882068
16.602238047		0.2439024838
17.517802645		0.2387139058
18.463886063		0.2270396048
19.348931841		0.2244453158
20.295015259		0.2153653038
21.180061038		0.2114738698
22.126144456		0.2036910028
23.072227874		0.1881252678
23.987792472		0.1881252678
24.87283825		0.1920167018
25.818921668		0.1751538228
26.734486267		0.1751538228
27.619532045		0.1699652438
28.565615463		0.1595880878
29.450661241		0.1505080758
0.457782299		0.4799041782
1.434384537		0.4604470102
2.319430315		0.4435841312
3.234994914		0.4215326732
4.181078332		0.3994812162
5.09664293		0.3878069152
6.012207528		0.3722411802
6.927772126		0.3553783012
7.873855544		0.3424068552
8.758901322		0.3320296992
9.704984741		0.3138696752
10.620549339		0.3034925192
11.536113937		0.3008982302
12.451678535		0.2918182182
13.367243133		0.2710639052
14.282807731		0.2645781822
15.22889115		0.2632810372
16.144455748		0.2516067362
17.029501526		0.2373381462
17.945066124		0.2373381462
18.921668362		0.2230695562
19.80671414		0.2139895442
20.752797558		0.2152866892
21.668362157		0.2113952552
22.583926755		0.2049095322
23.499491353		0.1932352312
24.445574771		0.2010180992
25.330620549		0.2062066772
26.215666328		0.1841552202
27.192268566		0.1763723522
28.107833164		0.1828580752
29.023397762		0.1634009072
29.96948118		0.1608066172

