#oranz t y
0.03051882		0.50680447
0.946083418		0.485233976
1.861648016		0.478493197
2.777212614		0.473100574
3.662258393		0.462315327
4.638860631		0.446137457
5.554425229		0.446137457
6.469989827		0.427263274
7.355035605		0.420522495
8.301119023		0.416478028
9.186164802		0.405692781
10.1017294		0.398952001
11.047812818		0.381425975
11.932858596		0.384122287
12.878942014		0.376033352
13.763987792		0.35715917
14.679552391		0.358507326
15.564598169		0.355811014
16.510681587		0.339633144
17.426246185		0.342329455
18.341810783		0.335588676
19.257375381		0.326151585
20.2034588		0.316714494
21.119023398		0.320758962
22.034587996		0.323455273
22.950152594		0.312670026
23.865717192		0.296492156
24.720244151		0.292447689
25.605289929		0.293795844
26.642929807		0.287055065
27.527975585		0.276269818
28.443540183		0.285706909
29.328585961		0.283010598
0.488301119		0.494875333
1.464903357		0.482741931
2.349949135		0.480045619
3.265513733		0.467912216
4.150559512		0.454430658
5.06612411		0.442297255
5.981688708		0.443645411
6.927772126		0.42746754
7.843336724		0.419378605
8.758901322		0.412637826
9.643947101		0.407245203
10.590030519		0.393763644
11.475076297		0.391067332
12.421159715		0.388371021
13.275686673		0.376237618
14.221770092		0.368148683
15.16785351		0.365452371
16.052899288		0.35601528
16.968463886		0.354667124
17.914547304		0.346578189
18.830111902		0.338489254
19.715157681		0.329052163
20.661241099		0.326355851
21.546286877		0.320963228
22.492370295		0.308829825
23.377416073		0.304785357
24.292980671		0.302089046
25.23906409		0.292651955
26.154628688		0.284563019
27.039674466		0.283214864
27.955239064		0.281866708
28.840284842		0.281866708
29.75584944		0.284563019

