#zel t y
0.355691057		0.5856167734
1.295731707		0.5731408664
2.210365854		0.5544270054
3.150406504		0.5232372374
4.014227642		0.5169992844
4.979674797		0.4858095164
5.894308943		0.4795715624
6.808943089		0.4733336084
7.723577236		0.4592982134
8.663617886		0.4374653754
9.578252033		0.4218704914
10.492886179		0.4171920264
11.407520325		0.4062756074
12.322154472		0.3922402124
13.262195122		0.3875617464
14.151422764		0.3735263514
15.091463415		0.3454555604
15.980691057		0.3438960714
16.895325203		0.3470150484
17.835365854		0.3220632344
18.75		0.3298606764
19.664634146		0.3220632344
20.579268293		0.3173847684
21.493902439		0.3095873264
22.408536585		0.2924329544
23.348577236		0.2971114194
24.288617886		0.2846355124
0.838414634		0.5839995266
1.75304878		0.5652856656
2.718495935		0.5481312936
3.556910569		0.5294174326
4.522357724		0.5122630596
5.43699187		0.4951086876
6.351626016		0.4810732916
7.291666667		0.4654784076
8.206300813		0.4498835236
9.095528455		0.4452050586
10.035569106		0.4296101746
10.975609756		0.4202532446
11.890243902		0.4046583606
12.779471545		0.3921824536
13.719512195		0.3875039876
14.634146341		0.3765875696
15.574186992		0.3703496156
16.463414634		0.3500762666
17.403455285		0.3469572896
18.292682927		0.3329218936
19.207317073		0.3251244516
20.147357724		0.3142080336
21.087398374		0.3095295676
21.951219512		0.3001726376
22.891260163		0.2939346836
23.805894309		0.2876967306
24.745934959		0.2814587766

