#zlut t y
0.2034588		0.4446671459
1.119023398		0.4129672649
2.009155646		0.3799993889
2.950152594		0.3635154509
3.865717192		0.3368875499
4.80671414		0.3102596499
5.722278739		0.3191356169
6.637843337		0.3102596499
7.604272635		0.2785597689
8.519837233		0.2646118219
9.435401831		0.2582718459
10.401831129		0.2544678599
11.241098678		0.2291079549
12.182095626		0.2164280029
13.123092574		0.2240359739
14.089521872		0.2037480499
14.92878942		0.1999440639
15.793489318		0.1923360929
16.810783316		0.1809241359
17.726347915		0.1733161639
18.641912513		0.1657081929
19.582909461		0.1657081929
20.498474059		0.1454202689
21.439471007		0.1441522739
22.304170905		0.1492242549
23.270600203		0.1542962359
24.186164802		0.1276683359
0.661241099		0.4327855611
1.576805697		0.3934777081
2.543234995		0.3757257751
3.458799593		0.3617778271
4.374364191		0.3288099511
5.23906409		0.3161299991
6.230925738		0.3085220271
7.121057986		0.2983780651
8.062054934		0.2692141751
8.977619532		0.2628741991
9.86775178		0.2628741991
10.834181078		0.2451222651
11.749745677		0.2273703321
12.665310275		0.2324423131
13.606307223		0.2184943651
14.496439471		0.2070824081
15.412004069		0.1982064411
16.327568667		0.1944024551
17.268565615		0.1855264891
18.158697864		0.1703105461
19.099694812		0.1817225031
20.01525941		0.1677745551
20.981688708		0.1563625981
21.871820956		0.1627025741
22.787385554		0.1576305941
23.702950153		0.1487546271
24.618514751		0.1411466551

