0	0.418890244
0.915564598	0.403324509
1.831129196	0.383867341
2.746693795	0.35792445
3.692777213	0.344953004
4.638860631	0.32679298
5.554425229	0.317712968
6.469989827	0.306038667
7.355035605	0.290472933
8.301119023	0.278798632
9.186164802	0.264530042
10.16276704	0.25545003
11.047812818	0.248964307
12.024415056	0.234695717
12.939979654	0.215238548
13.794506612	0.22431856
14.77110885	0.208752826
15.656154629	0.193187091
16.602238047	0.186701368
17.517802645	0.18151279
18.463886063	0.169838489
19.348931841	0.1672442
20.295015259	0.158164188
21.180061038	0.154272754
22.126144456	0.146489887
23.072227874	0.130924152
23.987792472	0.130924152
24.87283825	0.134815586
25.818921668	0.117952707
26.734486267	0.117952707
27.619532045	0.112764128
28.565615463	0.102386972
29.450661241	0.09330696
0.457782299	-0.537105294
1.434384537	-0.517648126
2.319430315	-0.500785247
3.234994914	-0.478733789
4.181078332	-0.456682332
5.09664293	-0.445008031
6.012207528	-0.429442296
6.927772126	-0.412579417
7.873855544	-0.399607971
8.758901322	-0.389230815
9.704984741	-0.371070791
10.620549339	-0.360693635
11.536113937	-0.358099346
12.451678535	-0.349019334
13.367243133	-0.328265021
14.282807731	-0.321779298
15.22889115	-0.320482153
16.144455748	-0.308807852
17.029501526	-0.294539262
17.945066124	-0.294539262
18.921668362	-0.280270672
19.80671414	-0.27119066
20.752797558	-0.272487805
21.668362157	-0.268596371
22.583926755	-0.262110648
23.499491353	-0.250436347
24.445574771	-0.258219215
25.330620549	-0.263407793
26.215666328	-0.241356336
27.192268566	-0.233573468
28.107833164	-0.240059191
29.023397762	-0.220602023
29.96948118	-0.218007733

